11111111
22222222
3333333311111111
22222222
3333333311111111
22222222
3333333311111111
22222222
3333333311111111
22222222
3333333311111111
22222222
3333333311111111
22222222
3333333311111111
22222222
3333333311111111
22222222
3333333311111111
22222222
3333333311111111
22222222
3333333311111111
22222222
3333333311111111
22222222
3333333311111111
22222222
3333333311111111
22222222
3333333311111111
22222222
3333333311111111
22222222
3333333311111111
22222222
3333333311111111
22222222
3333333311111111
22222222
3333333311111111
22222222
3333333311111111
22222222
3333333311111111
22222222
3333333311111111
22222222
3333333311111111
22222222
3333333311111111
22222222
3333333311111111
22222222
3333333311111111
22222222
3333333311111111
22222222
3333333311111111
22222222
3333333311111111
22222222
3333333311111111
22222222
3333333311111111
22222222
3333333311111111
22222222
3333333311111111
22222222
3333333311111111
22222222
3333333311111111
22222222
3333333311111111
22222222
3333333311111111
22222222
3333333311111111
22222222
3333333311111111
22222222
3333333311111111
22222222
3333333311111111
22222222
3333333311111111
22222222
3333333311111111
22222222
3333333311111111
22222222
3333333311111111
22222222
3333333311111111
22222222
3333333311111111
22222222
3333333311111111
22222222
3333333311111111
22222222
3333333311111111
22222222
3333333311111111
22222222
3333333311111111
22222222
3333333311111111
22222222
3333333311111111
22222222
3333333311111111
22222222
3333333311111111
22222222
3333333311111111
22222222
3333333311111111
22222222
3333333311111111
22222222
3333333311111111
22222222
3333333311111111
22222222
3333333311111111
22222222
3333333311111111
22222222
3333333311111111
22222222
3333333311111111
22222222
3333333311111111
22222222
3333333311111111
22222222
3333333311111111
22222222
3333333311111111
22222222
3333333311111111
22222222
3333333311111111
22222222
3333333311111111
22222222
3333333311111111
22222222
3333333311111111
22222222
3333333311111111
22222222
3333333311111111
22222222
3333333311111111
22222222
3333333311111111
22222222
3333333311111111
22222222
3333333311111111
22222222
3333333311111111
22222222
3333333311111111
22222222
3333333311111111
22222222
3333333311111111
22222222
3333333311111111
22222222
3333333311111111
22222222
3333333311111111
22222222
3333333311111111
22222222
3333333311111111
22222222
3333333311111111
22222222
3333333311111111
22222222
3333333311111111
22222222
3333333311111111
22222222
3333333311111111
22222222
3333333311111111
22222222
3333333311111111
22222222
3333333311111111
22222222
3333333311111111
22222222
3333333311111111
22222222
3333333311111111
22222222
3333333311111111
22222222
3333333311111111
22222222
3333333311111111
22222222
3333333311111111
22222222
3333333311111111
22222222
3333333311111111
22222222
3333333311111111
22222222
3333333311111111
22222222
3333333311111111
22222222
3333333e
